数据输入：
点的个数 n , 必过点的个数 k，必过边的条数 m， 危险边条数 y ，图的二维矩阵输入 c[n][n],
输入k个必过点，m条必过边，y条危险边。

数据输出：
最少花费路径，路径的结点数，路径的长度
最少结点路径，路径的结点数，路径的长度

输入文件示例：
18 2 2 1 9

-1 3 1 1 -1 -1 -1 -1 -1 -1 -1 -1 -1 -1 -1 -1 -1 -1
3 -1 1 -1 1 4 -1 -1 -1 -1 -1 -1 -1 -1 -1 -1 -1 -1
1 1 -1 1 2 1 -1 -1 -1 -1 -1 -1 -1 -1 -1 -1 -1 -1
1 -1 1 -1 -1 2 2 1 -1 -1 -1 -1 -1 -1 -1 -1 -1 -1
-1 1 2 -1 -1 1 -1 -1 -1 1 -1 -1 -1 -1 -1 -1 -1 -1
-1 4 1 2 1 -1 1 -1 -1 3 1 -1 3 -1 -1 -1 -1 -1
-1 -1 -1 2 -1 1 -1 1 2 -1 -1 -1 2 4 3 -1 -1 -1
-1 -1 -1 1 -1 -1 1 -1 1 -1 -1 -1 -1 -1 -1 -1 -1 -1
-1 -1 -1 -1 -1 -1 2 1 -1 -1 -1 -1 -1 -1 1 3 -1 -1
-1 -1 -1 -1 1 3 -1 -1 -1 -1 1 1 -1 -1 -1 -1 -1 -1
-1 -1 -1 -1 -1 1 -1 -1 -1 1 -1 1 2 -1 -1 -1 -1 -1
-1 -1 -1 -1 -1 -1 -1 -1 -1 1 1 -1 1 -1 -1 -1 1 -1
-1 -1 -1 -1 -1 3 2 -1 -1 -1 2 1 -1 2 -1 -1 1 -1
-1 -1 -1 -1 -1 -1 4 -1 -1 -1 -1 -1 2 -1 1 2 2 1
-1 -1 -1 -1 -1 -1 3 -1 1 -1 -1 -1 -1 1 -1 1 -1 -1
-1 -1 -1 -1 -1 -1 -1 -1 3 -1 -1 -1 -1 2 1 -1 -1 4
-1 -1 -1 -1 -1 -1 -1 -1 -1 -1 -1 1 1 2 -1 -1 -1 1
-1 -1 -1 -1 -1 -1 -1 -1 -1 -1 -1 -1 -1 1 -1 4 1 -1

7 
12

2 4 
13 14

11 12

输出文件示例：
最少花费路径：
0 ->2 ->4 ->5 ->6 ->7 ->8 ->14 ->13 ->12 ->16 ->17
一共使用的结点数：12
其路径长度为：13

最少结点路径：
0 ->2 ->4 ->5 ->12 ->6 ->7 ->8 ->14 ->13 ->17
一共使用的结点数：11
其路径长度为：14

无解
次优路径：最少花费路径