18 2 2 1 9
-1 3 1 1 -1 -1 -1 -1 -1 -1 -1 -1 -1 -1 -1 -1 -1 -1
3 -1 1 -1 1 4 -1 -1 -1 -1 -1 -1 -1 -1 -1 -1 -1 -1
1 1 -1 1 2 1 -1 -1 -1 -1 -1 -1 -1 -1 -1 -1 -1 -1
1 -1 1 -1 -1 2 2 1 -1 -1 -1 -1 -1 -1 -1 -1 -1 -1
-1 1 2 -1 -1 1 -1 -1 -1 1 -1 -1 -1 -1 -1 -1 -1 -1
-1 4 1 2 1 -1 1 -1 -1 3 1 -1 3 -1 -1 -1 -1 -1
-1 -1 -1 2 -1 1 -1 1 2 -1 -1 -1 2 4 3 -1 -1 -1
-1 -1 -1 1 -1 -1 1 -1 1 -1 -1 -1 -1 -1 -1 -1 -1 -1
-1 -1 -1 -1 -1 -1 2 1 -1 -1 -1 -1 -1 -1 1 3 -1 -1
-1 -1 -1 -1 1 3 -1 -1 -1 -1 1 1 -1 -1 -1 -1 -1 -1
-1 -1 -1 -1 -1 1 -1 -1 -1 1 -1 1 2 -1 -1 -1 -1 -1
-1 -1 -1 -1 -1 -1 -1 -1 -1 1 1 -1 1 -1 -1 -1 1 -1
-1 -1 -1 -1 -1 3 2 -1 -1 -1 2 1 -1 2 -1 -1 1 -1
-1 -1 -1 -1 -1 -1 4 -1 -1 -1 -1 -1 2 -1 1 2 2 1
-1 -1 -1 -1 -1 -1 3 -1 1 -1 -1 -1 -1 1 -1 1 -1 -1
-1 -1 -1 -1 -1 -1 -1 -1 3 -1 -1 -1 -1 2 1 -1 -1 4
-1 -1 -1 -1 -1 -1 -1 -1 -1 -1 -1 1 1 2 -1 -1 -1 1
-1 -1 -1 -1 -1 -1 -1 -1 -1 -1 -1 -1 -1 1 -1 4 1 -1

7 12

2 4 13 14

11 12
